
77777
700377
70000777
770000077
 700000077                    77777777
 7700777077               777770000007
  700777707777777777777777700003730007
  770777770073000000037000037777300077
   7033777730777777777037777777300077
   770333777777777777777777773330077
    7703037777777777777773333300777
     7703777777777777777770300777     777
      7077777777777777777770777      7707
     7707777777777777777777077      77007
     7037770077777777770077307     770307
     7077707007777777707007707    7703707
    770777000077777777000077077  77037707
    707117700777777777700711707 770377707
    7011117777770077777771111077703777707
    7011117777777777777771111077037777707
    7071177770770077077777117070377777707
    7707777777007700777777770003777777707
     703777777777777777777730037777777707
     770777777777777777777707077777777077
     70377777773333777777773070777777077
     7077777777733777777777707707777077
     7077777077777770777777707770777707
    77070777077777770777077770707777707
    70770777707777707777077770077777077
    7077307770777770777037777003377077
    707730777077777077703777700333077
    70777307707777707703777770003077
    70777730077777770037777770000007
    70777777777777777777777770000077
    7707777777777777777777773000077
     70777777777777777777777000777
     770777777777777777777730777
      770777737333333377777077
       7703733000000003373077
       7077700077777700077707
       700000777    777000007
       7777777        7777777

